%YAML:1.0
n_num: 36
n_start: -180.0
n_matrix: !!opencv-matrix
   rows: 36
   cols: 3
   dt: d
   data: [ -54.082939775, -5.26736111438, 65.1510417198, -41.804452278, -12.5760838729, 62.6383684333, -25.8987238677, -19.4448491659, 50.5385614826, -13.169000003, -25.392837174, 41.2188605156, -4.82534721574, -30.8602546056, 36.7833795815, 0.72983720893, -35.3373721943, 34.48923264, 6.23324011005, -38.720722759, 31.1102098183, 11.5476036797, -40.8194930082, 26.9492396517, 17.8353810454, -41.6010854822, 20.9204618959, 25.3292074359, -41.8541957616, 13.838438194, 33.4608353348, -41.1469837907, 6.14127608905, 43.3017096555, -40.1465806982, -2.25995315878, 54.4587906858, -38.2652092598, -10.9237674413, 61.4537268213, -34.4226620243, -17.8319444727, 62.5990209248, -29.1887179643, -23.2170629458, 59.2303028594, -22.830932404, -27.9121445878, 53.2238724348, -15.9935079719, -31.6269703215, 47.3632406303, -7.58398149528, -37.090763825, 41.1833565106, 1.62354167697, -43.3981943484, 34.1020454621, 13.8247727595, -53.2412272537, 27.0602058827, 25.1854234169, -62.3386042355, 21.3367133287, 34.0377856347, -68.4386479126, 15.4572027727, 39.8128203811, -65.8070862157, 9.96827102056, 42.8549766896, -58.7789485966, 3.51696056633, 44.4429234461, -49.6493503011, -2.78772302263, 43.9034039223, -40.2039201989, -9.85796766661, 42.7533718488, -30.5257275165, -17.6994212356, 41.1718750841, -20.6995138667, -25.5629759353, 39.068118185, -11.3995404632, -32.5760813392, 36.374796653, -3.09370449315, -39.17971867, 32.8180519493, 5.12344155292, -43.7018913725, 28.4328912962, 12.3242173794, -49.0502795718, 22.872408592, 21.3667742141, -54.698051824, 16.8116017559, 31.6337229248, -59.8683005106, 9.49448801741, 44.3593464396, -60.3688222343, 1.78096997887, 57.1532331474 ]
p_num: 4
p_start: 0.0
p_end: 56.0
n_matrix_p7: !!opencv-matrix
   rows: 36
   cols: 3
   dt: d
   data: [ -46.6600000939, -9.96241940532, 64.2112904208, -36.0153227466, -19.1743548456, 66.6308069535, -25.616128921, -27.2677420647, 63.1314518211, -15.7187096071, -33.6295161094, 55.5820968379, -8.47761898587, -38.689523909, 50.6603173154, -1.90822581452, -42.09661293, 44.8001613626, 5.69435483081, -46.4079033024, 38.6933871853, 14.9750000958, -53.1151666637, 32.7340001118, 25.0826230282, -57.9521310523, 25.0332787, 32.2954099685, -61.1608196323, 19.8963934633, 39.6901610598, -62.3456452282, 14.194999941, 46.4776188078, -56.0468252871, 5.89666672889, 55.9332785687, -48.1985246626, -4.68524593689, 64.4283608616, -40.5188524211, -14.4077049636, 72.2518331527, -32.0060002008, -24.5808335623, 66.8783867126, -22.1361289489, -32.6351613994, 56.0222219438, -12.8476191325, -37.2868254833, 48.1786666235, -3.7315000185, -42.6936668402, 41.4572879985, 3.68864408627, -46.6410170088, 36.7877418766, 12.7091935526, -55.3609677595, 29.5129033669, 22.1829031971, -60.838225641, 21.6567795966, 32.1822034542, -64.6577965693, 15.6645901316, 39.3404916226, -64.7318036448, 9.26161286887, 45.9343547816, -61.6395162152, 0.730983601967, 55.4106556003, -56.6957375585, -6.8244262641, 59.5160652536, -48.0483607938, -14.2754098395, 56.7126227831, -36.1688524472, -23.0885245528, 54.6891800925, -25.0591802439, -32.2118748428, 51.9929686186, -14.8081249591, -42.4104762603, 45.5268254954, -2.2746031827, -55.5865572321, 41.2631148039, 9.33459014984, -67.9796822559, 36.2717458329, 19.2398413244, -77.71596767, 29.2743546577, 28.8025806482, -74.2419356069, 20.8616128737, 36.7787100266, -67.564677454, 11.9425806153, 45.170645314, -55.9590326127, 0.650967752097, 54.7585481829 ]
n_matrix_p21: !!opencv-matrix
   rows: 36
   cols: 3
   dt: d
   data: [ -50.5453225408, -5.96241935952, 61.5445162253, -37.3885246339, -14.522950851, 60.0231145021, -24.5116392664, -23.9167213126, 55.3181965938, -13.8980645976, -30.3058063439, 48.355322561, -5.23873013635, -37.9699998581, 45.015397057, 1.86698414698, -42.0655558149, 39.6387301252, 7.17500002903, -46.2658061981, 36.5385482232, 13.6591935848, -47.9024196127, 30.2148385203, 22.2625806865, -48.9351612837, 21.99241935, 29.8653226973, -48.2059677497, 14.3304838681, 37.387541067, -45.9019674084, 6.44032788197, 46.4314285152, -42.6473015681, -2.66285715508, 54.8590165436, -39.7547538628, -10.1119671487, 66.2274600441, -35.4926983663, -19.1282539517, 67.0326985557, -28.3876190478, -26.2620636168, 63.982580985, -22.8183871539, -30.4612903284, 53.5574196231, -13.8367742189, -34.3275807906, 47.8872132223, -6.5272131377, -38.9209837052, 41.9413116338, 2.56147544787, -45.6654101511, 38.3924592133, 12.0408197156, -56.4385247151, 32.7253124113, 22.7343751494, -69.2656249998, 23.0340322068, 34.6483872932, -75.5716132502, 16.5038094741, 41.1355555697, -71.4895235695, 9.11131147082, 45.6813111851, -61.3170493077, 3.57634921365, 46.4006345237, -52.1866665187, -3.42548389968, 46.3922583682, -41.7479032081, -10.5241666832, 45.3258335743, -31.9606664975, -19.6611111963, 44.4719049968, -21.4573015341, -29.7272582208, 43.849838749, -11.4167741876, -37.7196772795, 39.9796777544, -1.77129032758, -45.4064997358, 35.6778331115, 7.398499983, -55.1038708224, 30.3940320781, 17.9125807379, -58.4332260011, 24.9343548437, 25.3777419363, -63.4613120287, 18.7486884169, 34.6552459218, -61.775483716, 10.5920968135, 43.9383870397, -61.1534421951, 2.05590164787, 57.139672263 ]
n_matrix_p35: !!opencv-matrix
   rows: 36
   cols: 3
   dt: d
   data: [ -59.9122034493, -3.76288131034, 70.4955932481, -43.9322581144, -11.7053226579, 64.111128776, -27.2616393141, -19.0108196848, 51.7708196174, -14.5963933743, -25.021475433, 42.5968855569, -4.85147542852, -30.3301638926, 36.2022951159, -0.0774193666129, -33.6600001548, 33.7893549095, 4.51532258387, -35.1167738818, 29.7959677787, 9.83190478952, -36.5853966298, 25.1817460133, 15.7663491568, -38.1493650763, 20.2744444589, 21.6275408854, -38.9267213534, 15.093114759, 29.4709835369, -38.8642621274, 7.81622950115, 39.7568255833, -38.1252382062, -1.22682540365, 49.1427870579, -35.9806555762, -9.64262290393, 57.9104841913, -32.2158065926, -18.0220967806, 60.1354838344, -27.0693548266, -24.1564516247, 59.6838094916, -22.0953969503, -29.069841263, 52.7245004018, -16.7711667533, -30.4208335877, 48.6209678032, -9.09322578855, -36.3311287666, 43.4882538806, 1.70809523683, -46.1085716127, 34.7550001142, 14.2187097768, -55.3438710242, 29.0645901726, 25.3180327802, -66.569016253, 21.6188524593, 34.7093441446, -70.1173769851, 14.930000083, 41.4120000842, -67.3208337778, 8.95883332817, 44.1720002497, -58.5218330378, 2.61984126556, 46.0226983575, -50.0174602929, -3.7221311423, 46.1021310777, -41.0216393398, -8.83196720508, 42.5573771116, -31.5519672456, -16.1325396589, 38.9925393903, -20.5882538687, -23.5104917941, 36.6786883941, -11.4662295872, -30.3185482635, 36.8338707337, -5.36951612161, -36.6045000393, 34.3433333717, 1.94050001633, -40.8052458216, 29.7983605426, 9.05114757984, -43.8503222308, 21.9483869768, 18.6211290508, -50.6617740503, 17.0880644865, 28.6888709221, -58.2922582937, 10.1714515919, 42.4099996008, -63.461311528, 4.16622948803, 55.7270494054 ]
