%YAML:1.0
param_0.25:
   pA_inc: [ -1.51497297e-07, -7.93158063e-05, 0.00120473126, 1.01325037, -117.450719 ] 
   pA_dec: [ -1.6141532e-06, 1.16065532e-07, 0.00291740334, -0.969186831, 65.2309699 ] 
   pB_inc: [ 1.32721142e-07, -6.92452739e-06, 0.000518519314, 0.76231257, 1.35487799 ] 
   pB_dec: [ -3.71236277e-07, 6.34404847e-05, 0.00118433358, -1.06220939, 181.765561 ] 
   pC_inc: [ -3.70346432e-07, -2.32483719e-05, 0.00177960524, 0.722284438, 124.396266 ] 
   pC_dec: [ 6.95202544e-07, -4.67791554e-07, -0.00399882901, -0.983856697, -53.3257306 ] 

param_0.40:
   pA_inc: [ -5.27738963e-07, -9.83986002e-05, 0.00212500752,  1.0081313, -120.91095 ] 
   pA_dec: [ 8.09361316e-07, 0.00011475748, -0.00335204699, -1.25371525, 66.7214805 ] 
   pB_inc: [ -8.39828347e-07, -9.65660878e-05, 0.00127325135, 0.910177447, 0.0930570358 ] 
   pB_dec: [ 7.04303197e-07, 6.21126734e-05, -0.000904325301, -1.09499329, 180.552453 ] 
   pC_inc: [ 6.22577774e-08, -6.22598433e-05, 0.000774360178, 0.809098089, 123.707945 ] 
   pC_dec: [ -1.02572748e-07, 4.79486909e-05, -0.000208498764, -1.15588033, -57.9929455 ] 

param_0.55:
   pA_inc: [ -9.63092031e-07, -0.000107012519, 0.00265358198, 1.01762353, -119.825607 ] 
   pA_dec: [ 2.7987651e-06, 0.000132491356, -0.00703563153, -1.31388261, 68.5172331 ] 
   pB_inc: [ -2.20612342e-08, -4.66747328e-05, -0.0007223946, 0.893928193, 2.26352753 ] 
   pB_dec: [ 9.77965421e-08, 8.58833497e-05, -0.00165295777, -1.19128288, 182.786986 ] 
   pC_inc: [ -2.15461629e-07, -8.52241931e-05, 0.00194162798, 0.899363333, 122.363909 ] 
   pC_dec: [ -3.05412374e-07, 0.000122515295, -0.000781053592, -1.29870207, -57.6132008 ] 

param_0.70:
   pA_inc: [ 5.30097412e-07, -6.30222566e-05, -0.00118452148, 1.04148985, -119.63104 ] 
   pA_dec: [ 8.10864083e-06, 5.83664297e-05, -0.018905464, -1.30424799, 73.2519164 ] 
   pB_inc: [ -8.3848719e-07, -2.43306665e-05, 0.00373290269, 0.898121131, 0.0712395978 ] 
   pB_dec: [ 1.75974773e-06, 5.03159306e-05, -0.00464186604, -1.28353727, 182.759842 ] 
   pC_inc: [ -3.76412878e-08, -6.40209829e-05, 0.00287146539, 0.861555538, 119.608074 ] 
   pC_dec: [ 3.87362957e-06, 5.5419992e-05, -0.00838950495, -1.41237268, -55.785059 ] 

param_0.90:
   pA_inc: [ -2.80037451e-06, -0.000230875403, 0.00565470793, 1.31969129, -121.717362 ] 
   pA_dec: [ 7.71699961e-08, 9.13090714e-05, -0.0062126276, -1.40843084, 75.3329966 ] 
   pB_inc: [ -1.31702918e-06, 5.34064112e-06, 0.000936441956, 0.882770087, 2.26422802 ] 
   pB_dec: [ -1.71815947e-06, -0.0001188071, 0.000996839916, -1.2098308, 181.361597 ] 
   pC_inc: [ -7.35995712e-07, -9.58440184e-05, 0.00326472832, 1.02093893, 120.592959 ] 
   pC_dec: [ 1.31306834e-05, 6.63638082e-05, -0.0226512487, -1.54901528, -55.7105012 ] 
