%YAML:1.0
input_size: 3
output_size: 2
num_of_first_layer: 50
x1_offset: !!matlab-matrix
   rows: 3
   cols: 1
   dt: d
   data: [        -90, -64.9899979,        -90 ]
x1_gain: !!matlab-matrix
   rows: 3
   cols: 1
   dt: d
   data: [ 0.0111111111, 0.016042352, 0.01330672 ]
x1_ymin: -1
b1: !!matlab-matrix
   rows: 50
   cols: 1
   dt: d
   data: [ 5.54079553, 4.84930566, 4.85408219, -5.20606925, -4.81440369, -5.45321313, -4.38813636, -3.94217301, 4.44102521, 0.973753065,  4.0731501, -4.02480253, 1.81410486, -4.98141889, -3.51844943, -2.71432214, 3.77174687, 2.34244205, -1.28326032, -0.819568485, -1.40748652, -2.41530702, -0.830738597, 0.172789253, 0.633192723, -1.26236463, -0.858914307, -1.85550103,  1.3847338, -0.416890037, 2.02182226, -3.21068354, 0.330935815, 3.54816608, 3.37807979, 3.31733621,  -3.527483, 2.67258222, -2.66501762, 4.06813198, 3.12609168, -4.44769675, 4.58110496, -3.60339547, -3.60143096,  7.2868817, -4.43729545, 4.76652266, 5.31551535, -5.14360953 ]
w1: !!matlab-matrix
   rows: 50
   cols: 3
   dt: d
   data: [ -3.20151519, -3.35817232, 1.71405142, 0.00827872217,  6.4335274, 0.510636379, -0.323855224, -0.764845293, 5.90228741, 2.69832448, -3.60029962, 2.11897592,  3.2745383, -0.524334171, 3.56467715, 0.0635686376, 5.78835308, 2.77063817, 5.02242784,  -3.205272, 0.259916715, 2.04353095, -2.14843654, 3.53242257, -3.38826811, 5.17148867, 2.10387799, -0.855221493, 1.61267267,  1.4509494, -1.64632366, -2.08261252, 5.51253165, 6.37173676, -0.979602268, 2.69630048,  3.8410756, -6.35513912, -6.39783588, 3.63432466, -0.897721287, 5.47750674,  0.7252459, 6.08268798,  3.5875093, 6.13667564, 2.61947885, 1.68789126, -1.95277157, 4.53863627, -8.05800569, -8.38215174, -4.55389805, 1.95599237,  5.9554163, -7.84818622, -1.32366661, 1.29270152, -3.8595358, 2.64042874, 0.962898762, -0.959293696, -3.94792351, -0.122075801, 4.48964324, -2.56367563, 0.34527745, -1.62027971, 4.57552933,  4.3167629, -4.54297528, 5.87011955, 2.55514431, -5.54416378, 4.26317112, -3.08545754, 5.80957088, -4.24844157, -5.33985453, 3.59096801, -5.83722646, -5.07824078, 4.59470933, -1.56613135, 6.75682487, -4.94541323, -4.71430134, -1.83242054, 3.21673383, 3.37709321, 5.52329771, -2.66371743, -7.09172015, -5.63022853, 7.80251661, 7.15668627, 6.73494012, -4.91524326, -1.57297266, 2.34133598, 9.71750453, -5.45940348, 4.91496699, -1.61473349, 3.16525609, 1.74022097, 4.94197049, -1.45914319, -6.31457206, -4.27038367, 2.34635065, 4.71126835, 2.02005928, 2.43264889, -2.18525828, 1.73636527, -2.70123865, 3.65052868, 1.67482587, -4.92008409, 3.71834136, -3.70265389, -0.951857861, -1.24489126, -6.99068991, -0.865389746, 2.80116195, 0.490503242, -6.32236335, -2.07939506, 0.441810159, -3.81211569, -4.50630611,  4.1479232, 2.56482879,  8.3117209, -0.144589231, -2.89785904, -5.35722888, -0.537743803, -2.19468163, 1.76743503, -4.22109456, -1.38477725, 3.91772991, -1.24571011, 2.59296616, -2.47396732, 2.18355961, -3.90477852 ]
b2: !!matlab-matrix
   rows: 2
   cols: 1
   dt: d
   data: [ 0.363673581, 0.43691251 ]
w2: !!matlab-matrix
   rows: 2
   cols: 50
   dt: d
   data: [ 0.460414522, -0.706856607, 0.172258767, 0.00260539621, 0.159597724, -0.973865605, -1.25071762, -1.56791928, -0.448495473, -0.534129014, 0.099376911, 0.837692012, 1.34141156, 1.39229651, -0.444598914, -0.0376626661, -0.182039306, -0.10022235, 0.0268741299, -0.172007564, -0.338867563, 0.208115806, -0.36320239, -0.290846349, 0.321440712, 0.474771559, -0.402657874, -0.160501527, -1.36333942, -0.540882635, -0.135358003, 0.13928924, 0.11932328, 0.149335367, 0.640647649, -0.199122954, 1.03179834, -1.57043008, 1.04178104, 2.59319992, -0.263096219, -0.401137623, -1.58031975, -1.34633512, -0.0636606194, -0.0417177702, -1.21466425, -0.781143235, 0.189465259, 1.49840862, -0.800104531, -0.433237082, -0.0626782953, -0.490604014, 0.639065371, 1.55426251, -2.22962239, 1.20474855, -1.10126062, 0.0967335377, -0.06204921,  1.2320596, -1.00933781, -0.99327647, 0.504247284, -0.167954639, -0.1194418, -0.0252206179, -0.0769270937, -0.164588766, 0.192194071, -0.00657023766, -0.28671195, -1.65488488, 2.23350963, 2.34426396, -1.72187544, 0.281803148, 0.99688323, 0.260802134, 0.0388941091, -0.107275705, -0.090113612, 0.115846984, -1.0911279, 0.246966707, -0.621004423, -0.394520261, -0.894826074, -1.60632369, 0.605798671, -0.376252049, 0.889155717, 0.811984095, 0.14135547, -0.116904987, -0.608523732, 2.31004426, -0.674038135, -1.62985299 ]
y1_offset: !!matlab-matrix
   rows: 2
   cols: 1
   dt: d
   data: [ -0.999999985,         -1 ]
y1_gain: !!matlab-matrix
   rows: 2
   cols: 1
   dt: d
   data: [ 1.00000001,          1 ]
y1_ymin: -1
